3.771587743732588205e+00 1.420612813370470962e-01
3.674094707520888292e+00 8.328690807799430385e-01
3.487465181058492902e+00 3.342618384401123410e-02
3.459610027855151149e+00 2.423398328690802572e-01
3.476323119777156467e+00 7.520891364902496656e-01
3.493036211699161786e+00 1.364902506963786566e+00
3.540389972144844410e+00 1.668523676880220741e+00
3.431754874651808063e+00 2.412256267409467636e+00
3.364902506963785456e+00 2.231197771587740686e+00
3.370473537604454339e+00 1.108635097493034793e+00
3.233983286908076238e+00 2.465181058495818700e+00
3.217270194986069587e+00 2.250696378830080668e+00
3.264623955431752211e+00 1.646239554317546538e+00
3.239554317548743789e+00 3.676880222841220069e-01
3.133704735376041661e+00 1.880222841225624109e+00
3.150417827298048312e+00 1.373259052924789225e+00
3.128133704735374110e+00 6.406685236768793201e-01
3.094707520891363028e+00 6.406685236768806802e-02
3.047353760445679960e+00 1.640668523676878099e+00
3.036211699164343081e+00 2.649025069637879870e+00
3.064066852367686167e+00 2.791086350974926855e+00
2.986072423398326681e+00 2.175487465181055846e+00
2.974930362116989357e+00 1.509749303621167993e+00
2.947075208913647160e+00 1.038997214484678189e+00
2.874651810584956113e+00 4.094707520891359143e-01
2.824512534818939713e+00 8.467966573816145814e-01
2.805013927576599730e+00 1.693593314763229163e+00
2.782729805013925528e+00 1.910863509749300970e+00
2.802228412256265511e+00 2.434540389972141838e+00
2.754874651810582886e+00 2.217270194986069587e+00
2.721448467966572249e+00 9.192200557103050174e-02
2.707520891364900706e+00 6.406685236768793201e-01
2.699164345403898047e+00 9.164345403899708531e-01
2.668523676880221185e+00 1.181058495821725618e+00
2.629526462395541220e+00 2.545961002785511962e+00
2.615598885793870121e+00 2.105849582172699463e+00
2.545961002785513738e+00 1.250696378830082001e+00
2.571030640668521716e+00 2.980501392757656798e-01
2.495821727019496450e+00 1.573816155988855936e+00
2.454038997214482709e+00 6.490250696378823125e-01
2.434540389972142727e+00 2.298050139275762849e+00
2.350974930362115245e+00 2.710306406685233149e+00
2.345403899721446805e+00 2.052924791086348399e+00
2.370473537604454783e+00 3.509749303621166328e-01
2.309192200557101060e+00 1.796657381615596627e+00
2.314763231197769944e+00 1.300835654596098401e+00
2.289693593314761522e+00 6.740947075208902906e-01
2.247910863509747337e+00 9.025069637882996432e-01
2.250696378830082001e+00 1.426183844011140289e+00
2.239554317548744677e+00 2.490250696378826678e+00
2.069637883008354606e+00 2.640668523676877211e+00
2.147632311977714537e+00 2.462395543175484480e+00
2.122562674094705670e+00 2.208913649025066928e+00
2.158774373259051416e+00 1.810584958217267948e+00
2.130919220055708774e+00 1.543175487465179074e+00
2.038997214484677745e+00 1.337047353760444091e-01
1.986072423398327569e+00 5.487465181058486241e-01
2.019498607242338206e+00 9.415041782729791642e-01
2.013927576601669767e+00 1.626740947075206778e+00
1.919220055710304962e+00 2.952646239554312380e-01
1.838440111420611700e+00 1.206128133704733818e+00
1.863509749303619678e+00 1.746518105849579783e+00
1.891364902506962542e+00 2.013927576601668878e+00
1.713091922005569812e+00 9.749303621169877476e-02
1.699164345403898491e+00 9.331476323119765048e-01
1.660167130919218970e+00 1.423398328690805847e+00
1.679665738161558730e+00 1.874651810584955669e+00
1.662952646239553189e+00 2.153203342618381644e+00
1.618384401114205007e+00 6.852367688022273917e-01
1.607242339832867906e+00 2.359331476323116572e+00
1.545961002785514182e+00 2.679665738161556732e+00
1.490250696378828899e+00 2.228412256267406910e+00
1.445682451253480938e+00 1.707520891364900262e+00
1.451253481894149377e+00 1.281337047353758640e+00
1.437325905292477835e+00 1.027855153203341088e+00
1.417827298050138074e+00 8.133704735376032779e-01
1.440111420612812276e+00 6.128133704735366782e-01
1.417827298050138074e+00 1.420612813370470962e-01
1.384401114206127437e+00 2.718662952646236253e+00
1.359331476323118792e+00 2.509749303621166661e+00
1.295264623955430849e+00 2.278551532033423310e+00
1.200557103064065823e+00 5.069637883008346613e-01
1.133704735376043882e+00 7.019498607242330435e-01
1.186629526462394946e+00 9.108635097493023025e-01
1.147632311977714759e+00 1.284122562674093082e+00
1.111420612813369679e+00 1.662952646239552301e+00
1.203342618384400264e+00 2.033426183844008417e+00
1.066852367688021497e+00 2.320334261838437051e+00
9.164345403899716302e-01 2.426183844011138735e+00
9.442896935933140501e-01 1.927576601671306733e+00
9.247910863509742896e-01 1.484679665738159571e+00
9.080779944289684158e-01 3.259052924791080996e-01
7.910863509749299638e-01 6.323119777158764387e-01
8.217270194986067144e-01 1.158774373259051416e+00
8.077994428969352825e-01 1.699164345403897602e+00
8.077994428969352825e-01 2.690807799442893611e+00
7.855153203342610801e-01 2.231197771587740686e+00
7.298050139275762405e-01 2.083565459610025261e+00
7.242339832869074678e-01 4.456824512534831445e-02
6.155988857938713421e-01 2.116991643454034233e-01
6.629526462395537445e-01 7.130919220055701446e-01
6.378830083565455444e-01 9.610027855153191467e-01
6.239554317548743345e-01 1.509749303621167993e+00
5.821727019498603717e-01 1.805013927576599286e+00
5.682451253481889397e-01 2.325905292479105491e+00
5.208913649025066483e-01 2.593314763231194142e+00
5.181058495821723175e-01 1.732590529247908462e+00
5.153203342618382088e-01 5.153203342618378757e-01
4.902506963788296201e-01 8.495821727019486902e-01
5.013927576601666658e-01 1.395543175487463428e+00
4.233983286908074017e-01 1.562674094707518835e+00
3.398328690807795871e-01 2.732590529247907352e+00
3.454038997214481377e-01 2.189415041782727389e+00
3.203342618384398266e-01 1.796657381615596627e+00
3.871866295264620450e-01 1.245125348189413339e+00
3.593314763231195696e-01 9.999999999999986677e-01
3.147632311977712760e-01 2.598885793871863026e+00
3.008356545961000661e-01 4.735376044568218729e-02
2.590529247910861588e-01 4.233983286908074017e-01
2.506963788300834994e-01 8.272980501392748209e-01
1.977715877437324909e-01 2.019498607242337318e+00
1.754874651810583164e-01 7.298050139275756854e-01
1.392757660167129596e-01 2.206128133704732708e+00
9.470752089136490193e-02 2.721448467966570472e+00
4.178272980501391426e-02 2.598885793871863026e+00
7.799442896935929181e-02 4.902506963788293426e-01
1.671309192200561705e-02 2.275766016713089090e+00
8.356545961002676687e-03 2.442896935933144498e+00
