3.189431203955370164e-01 2.615657912859186696e-01
2.143640255334216260e-01 5.946695749208045223e-01
1.523912285780938403e-01 1.423555734198312495e+00
2.298572247722535100e-01 1.663700322400207376e+00
2.298572247722535100e-01 2.457726783390343339e+00
4.893683120226882677e-01 2.089763301468085199e+00
6.559202038401314994e-01 2.798577166644645509e+00
7.488793992731233029e-01 2.399627286244723656e+00
7.062731013663351431e-01 3.971312846256975782e-01
8.495851943255305905e-01 9.122801593168590184e-01
8.379652948964068093e-01 1.369329536862400776e+00
1.070363283478885874e+00 2.670758272924282029e+00
1.078109883098301802e+00 2.500333081297131166e+00
1.020010385952682119e+00 2.109129800516624798e+00
1.163322478911877011e+00 1.830252214217650497e+00
1.116842881195381665e+00 1.508768330011887926e+00
1.178815678150709312e+00 1.105945149802257887e+00
1.174942378341001570e+00 2.267060929985466322e-01
1.469313163878807948e+00 3.390317874800778397e-01
1.438326765401144236e+00 1.431302333817728645e+00
1.539032560453551746e+00 1.830252214217650497e+00
1.430580165781728308e+00 2.020043904893341402e+00
1.624245156267127399e+00 2.515826280535962578e+00
1.829530046181650382e+00 2.291174891572900219e+00
1.845023245420482016e+00 1.539754728489552082e+00
1.740444150558366987e+00 5.133302789169370550e-01
1.887629543327270065e+00 7.922078652159117995e-01
2.112280932290333091e+00 1.307356739907072907e+00
2.147140630577704545e+00 2.004550705654509990e+00
2.348552220682520009e+00 2.562305878252458591e+00
2.538343911358210914e+00 1.938704608889473935e+00
2.650669605839742538e+00 1.384822736101232632e+00
2.522850712119379057e+00 8.735471612197792668e-01
2.511230812690255387e+00 5.133302789169370550e-01
2.309819222585439924e+00 1.879730949014667973e-01
2.584823509074706926e+00 2.759844168547565424e+00
2.879194294612513083e+00 2.713364570831070299e+00
2.968280190235797367e+00 2.364767587957351758e+00
2.956660290806672808e+00 1.776026016881738778e+00
3.045746186429956648e+00 1.214397544474081769e+00
3.022506387571708864e+00 7.844612655964956494e-01
2.790108398989229688e+00 2.460725920470865358e-01
3.192931579198859726e+00 1.918463947111745671e-01
3.305257273680391794e+00 9.122801593168590184e-01
3.177438379960027426e+00 2.020043904893341402e+00
3.343990271777471879e+00 1.826378914407942533e+00
3.545401861882286454e+00 2.434486984532095111e+00
3.564768360930826052e+00 1.504895030202180184e+00
3.684840655031773604e+00 1.160171347138170050e+00
3.642234357124985777e+00 5.288234781557692443e-01
3.866885746088049025e+00 3.312851878606617451e-01
